12774523
12773717
12772612
12772505
12771675
12770896
12770113
12770061
12769942
12769638
12768587
12768212
12767500
12767491
12767394
12766696
12766425
12766254
12766194
12765899
12765812
12755470
12718677
12765603
12765497
12764932
12764813
12764803
12759264
12759042
12758711
12758147
12758042
12757875
12757604
12757429
12757276
12757100
12756687
12754786
12754784
12754332
12754092
12754045
12753947
12753621
12753587
10759991
12752834
12751341
12751080
12751073
12750853
12750178
12750060
12750049
12748648
12748365
12748354
12748135
12747982
12747567
12747553
12746216
12746104
12744928
11845117
12743023
12742953
12742663
12742194
12741922
12741670
12741561
12741078
12740089
12740005
12738840
12738383
12736967
12736913
12736403
12736094
12735453
12734424
12733564
12733471
12733200
12733142
12732861
12732780
12732301
12732240
12732205
12732094
12731758
12731717
12731482
12731357
12731250
